
	::Best of 100000 Tours::

    Tour # 51204	 Tour Length: 62

	-----------------------------------------
	|  1 | 50 | 23 | 14 | 25 | 10 | 55 | 12 |
	-----------------------------------------
	| 22 | 15 | 26 | 51 | 54 | 13 | 28 |  9 |
	-----------------------------------------
	| 49 |  2 | 53 | 24 | 27 | 56 | 11 | 58 |
	-----------------------------------------
	| 16 | 21 | 48 | 41 | 52 | 59 |  8 | 29 |
	-----------------------------------------
	| 47 | 42 |  3 | 18 |  7 | 32 | 57 | 60 |
	-----------------------------------------
	| 20 | 17 | 40 | 45 |  4 | 35 | 30 | 33 |
	-----------------------------------------
	| 43 | 46 | 19 | 38 | 31 |  6 | 61 | 36 |
	-----------------------------------------
	|  * | 39 | 44 |  5 | 62 | 37 | 34 |  * |
	-----------------------------------------
	
    Tour Length	        Num of Tours
  ----------------------------------------
         8                  79
         9                  63
        10                 251
        11                 179
        12                 372
        13                 306
        14                 500
        15                 470
        16                 753
        17                 647
        18                 936
        19                 871
        20                1246
        21                1111
        22                1497
        23                1385
        24                1846
        25                1789
        26                2241
        27                2033
        28                2544
        29                2555
        30                3019
        31                2806
        32                3479
        33                3201
        34                3756
        35                3617
        36                4092
        37                3800
        38                4347
        39                3937
        40                4324
        41                3971
        42                4105
        43                3656
        44                3793
        45                3208
        46                3250
        47                2658
        48                2580
        49                1966
        50                1869
        51                1328
        52                1187
        53                 824
        54                 583
        55                 383
        56                 291
        57                 156
        58                  85
        59                  37
        60                  16
        62                   2